HASIL ANALISIS RUNNING TIME - 20251226_1435
==========================================

n (Total Sel)   | BFS (detik)     | DFS (detik)    
--------------------------------------------------
100             | 0.000286        | 0.000300       
400             | 0.000886        | 0.001058       
900             | 0.003516        | 0.003729       
1600            | 0.005372        | 0.002327       
2500            | 0.003323        | 0.002954       
3600            | 0.003618        | 0.004259       
4900            | 0.005041        | 0.005202       
6400            | 0.006991        | 0.006077       
8100            | 0.008880        | 0.007713       
10000           | 0.011458        | 0.010445       
12100           | 0.012650        | 0.011694       
14400           | 0.013575        | 0.038253       
16900           | 0.016765        | 0.017478       
19600           | 0.019396        | 0.019938       
22500           | 0.021351        | 0.022447       
