HASIL ANALISIS RUNNING TIME - 20251226_1454
==========================================

n (Total Sel)   | BFS (detik)     | DFS (detik)    
--------------------------------------------------
100             | 0.000438        | 0.000356       
400             | 0.001109        | 0.001196       
900             | 0.003227        | 0.002987       
1600            | 0.005367        | 0.002861       
2500            | 0.002352        | 0.003310       
3600            | 0.004248        | 0.004704       
4900            | 0.004491        | 0.006307       
6400            | 0.007310        | 0.007046       
8100            | 0.008812        | 0.007636       
10000           | 0.010744        | 0.009642       
12100           | 0.013147        | 0.012591       
14400           | 0.013641        | 0.015124       
16900           | 0.015942        | 0.019542       
19600           | 0.020675        | 0.021758       
22500           | 0.022233        | 0.023850       
