HASIL ANALISIS RUNNING TIME - 20251226_1434
==========================================

n (Total Sel)   | BFS (detik)     | DFS (detik)    
--------------------------------------------------
100             | 0.000135        | 0.000123       
400             | 0.000581        | 0.000448       
900             | 0.001106        | 0.001126       
1600            | 0.003204        | 0.002771       
2500            | 0.003749        | 0.003508       
3600            | 0.003791        | 0.003838       
4900            | 0.004702        | 0.004829       
6400            | 0.006456        | 0.006047       
8100            | 0.007811        | 0.007886       
10000           | 0.010323        | 0.013128       
12100           | 0.011771        | 0.014515       
14400           | 0.014025        | 0.015022       
16900           | 0.017449        | 0.039824       
19600           | 0.019069        | 0.020058       
22500           | 0.022829        | 0.022578       
